480370
031210
460870
226590
393970
435570
489500
479960
463480
303810
475830
240550
212710
064400
462980
452450
482630
373160
450950
096250
475460
493790
478560
332190
432980
387570
177900
499790
487360
495810
368030
176750
487720
398120
476060
382150
457600
484870
471820
495900
492220
489480
415640
489730
489210
482690
459100
389680
474610
466410
484130
475660
413390
487830
394800
464580
473980
163280
475960
475560
376270
475580
336680
458650
488060
476710
466100
044990
289930
475400
457370
474170
209640
465480
308430
381620
351870
489790
486630
464500
482680
469750
461300
456070
476080
478780
464280
389650
431190
079900
088340
482520
199480
460470
460940
487570
062040
481890
473950
373110
478110
462870
450330
462350
481850
295310
266350
160190
479880
464080
478440
477340
034230
107640
478390
477470
458870
477530
477760
462510
453450
323350
477380
145170
476470
456010
443060
473000
126730
452200
140430
347850
474490
412540
451250
475250
474930
474660
461030
475150
475240
455900
420570
437730
036220
199430
473370
469900
472230
473050
468760
278470
418620
360350
068100
452430
443670
415380
472220
472850
469480
199550
452400
066970
105760
460930
440290
362990
471050
457550
267080
452190
022100
017860
467930
469880
109670
439580
417200
432470
465320
338840
468510
355690
466910
453860
402490
452160
452280
111380
448280
352090
450080
452300
296160
365330
445090
464440
446540
413640
451760
372320
088280
464680
188260
290560
240600
221800
432720
351020
396470
246250
416180
445180
289170
462020
451220
443250
454910
452980
430690
418470
450520
403490
384470
465770
452670
146060
455310
457630
444920
355390
457390
458610
448900
418250
424960
092790
210120
457940
458320
448710
445680
454750
030190
440110
373170
429270
446440
462520
172670
450940
388870
456700
438700
406820
455910
432430
321370
456570
378340
456440
456490
274400
354320
440320
232830
454640
455250
451700
450050
296520
090460
460850
460860
303360
348080
439090
405920
285800
457190
456040
420770
271830
434480
340810
456190
446840
417790
012210
304360
298830
393210
424980
318160
100090
283100
448730
453340
448830
448760
448370
452260
358570
309960
451800
446150
356680
442900
282720
418420
389020
446750
417010
199730
448740
449020
446190
344860
127980
418550
411080
407400
408900
419050
450140
417860
254490
289860
052960
425040
198940
380540
447690
346010
445970
162300
388610
377740
445360
448780
390110
442770
440820
417180
419530
442310
439410
442130
102950
311960
446070
168360
389470
419080
084440
204610
425420
372170
383930
348340
417500
108320
438580
440790
405100
439730
417840
419120
439250
434190
405000
437780
291810
435620
378800
419540
360070
389500
368970
417970
296640
441270
432320
435870
435380
067370
393890
314140
413300
394280
430220
129920
403550
148930
107600
126720
418210
368600
365340
397030
341170
424760
328130
354390
403870
112290
402030
396270
412350
310210
377460
148780
382900
176590
362320
357430
399720
389260
389140
388050
413630
417310
396300
366030
388720
288980
408920
376930
146320
371950
330730
365900
370090
251120
211050
137080
136410
276040
377330
373220
179530
102370
169670
353590
200350
403360
254160
404990
199800
396690
402420
402340
377480
361570
400760
222160
290090
372800
311320
357880
376300
389030
377300
376180
348370
377450
382800
114840
261780
382480
391710
381970
376290
159010
382840
257720
260970
377220
099430
329180
395400
273640
203400
388790
271940
377190
308080
139990
089860
099390
315640
372910
058970
367000
376980
259960
195940
178920
323410
270660
377030
365270
137310
352910
097520
357580
318660
303530
232680
379390
187660
383310
383800
276730
363250
383220
361670
252990
352480
357230
361610
294570
351330
059270
333620
289220
361390
347700
302440
314930
950220
378850
356890
334970
247660
338220
373200
340930
189330
322310
239890
363260
262840
950210
277810
321820
248070
163730
348030
352700
086710
375500
236810
368770
257990
253610
365550
369370
357550
314130
335810
347860
365590
064850
356860
352940
354200
317690
009900
352770
318020
129890
265740
199820
299030
244920
340570
348150
330860
339770
290690
348350
347000
301300
122830
214610
304840
352820
348210
053080
126340
359090
323990
363280
318410
355150
347770
291650
294090
293490
347740
357120
332370
331920
950190
337930
060850
032300
348950
357780
357250
350520
332570
101360
347890
298540
225220
304100
266470
277880
262260
334890
950200
290520
330350
326030
169330
229000
322970
297890
351320
298060
353190
353810
223250
353200
343090
198080
237820
092190
204270
274090
294140
294630
065370
344820
340440
341310
311690
238170
062970
327260
339950
288330
340360
235980
336570
226330
322510
124560
335870
317860
302550
338100
335890
336040
250030
336060
337840
278650
308170
321550
297090
103840
190650
322000
306040
216080
272210
214260
084850
333430
317400
279600
333050
322180
330590
013890
331520
317530
331660
272110
317870
318010
336260
300120
336370
036420
158430
234690
332290
331380
093510
244460
317120
320000
256150
149300
311390
195500
328380
286750
317830
228670
186230
282880
317330
318000
317770
148150
313760
317850
241840
300080
234340
289010
327610
251970
312610
323280
323230
293780
308100
305090
322780
321260
003670
253840
307930
319660
319400
317240
279060
125210
307950
228760
099750
100790
192650
192080
247540
299660
316140
278280
246960
104620
053580
311060
298690
238200
263050
290550
307180
310200
308700
310870
309930
299900
307750
298380
100590
110020
270870
307870
302430
290120
128540
307280
900340
111710
179290
117730
290660
207490
246710
288490
267850
263690
217330
027360
208340
263020
227100
194700
290670
285490
290650
306620
108490
153710
288620
306200
293580
290720
293480
110790
299170
219750
010400
291230
257370
140610
197140
303030
290740
173130
089970
086820
302920
290380
293940
110990
275630
300720
290270
091810
286940
080720
204020
297570
226950
298050
258050
298040
298020
298000
175250
289080
276240
299480
088260
245620
294870
284620
037030
016790
258830
122310
217910
950170
253590
263700
018250
277070
226400
183490
006620
154030
260660
068270
042000
219420
267790
255220
264660
284740
285130
269620
187870
236030
281740
282330
092780
272450
260930
241770
234300
281820
066360
007680
272550
253450
950160
278990
055490
280360
180060
265560
234100
263810
255440
277410
263920
243840
179900
171090
259630
174900
263750
256940
260870
263600
270520
258610
140670
900310
273060
118990
263800
263860
263720
162120
238490
271980
251630
227610
272290
035720
271560
003380
261200
233250
267320
270210
266170
250000
267980
225190
264850
161580
268280
267290
251270
267250
267270
267260
256630
166090
258790
251370
266870
264900
265520
263770
063760
264450
178320
183300
246720
145720
217480
002800
083500
087260
241820
111110
140070
206650
227420
256840
241520
246690
147760
199290
196300
203450
215600
254120
143210
241790
220100
144960
156100
258540
220180
241560
207940
237880
900300
238120
252500
243870
216050
239610
241710
234080
900290
251280
189300
072990
950140
238090
050960
201490
241590
250930
229640
204210
241690
250060
242040
234920
249420
900270
248170
230360
191600
016740
208860
073560
212310
123010
066830
026960
174880
071460
123890
034830
142760
237750
900260
245450
195870
237690
144510
148250
208850
239340
243070
244880
112190
070960
101530
240810
238500
228850
228340
004440
222110
211270
230980
115180
065660
236200
194370
142210
900250
236340
206950
232530
224060
109610
233990
226320
215570
223310
232140
191410
145020
222980
206560
013310
047920
217730
234070
133750
225530
140860
230240
122640
222040
058110
217820
075580
221840
180400
221980
212560
227950
214370
185490
190510
056090
214330
089590
226340
217950
092590
229500
182400
227840
226360
092870
224810
200580
214870
225430
226440
225590
079550
225570
217190
219130
039570
002690
175140
222080
224110
196700
095570
131760
222810
222800
189980
222420
094360
127710
224760
214430
067730
222670
220260
214450
219550
087010
214320
214420
086220
223220
085620
218410
094170
178780
214180
214390
216400
166480
210980
103660
177350
217270
218150
160980
217500
087600
217620
187420
217880
076340
215380
215480
215790
215360
215200
217320
215090
215100
214680
195990
215000
214150
214270
145210
189690
213420
213500
210540
060480
193250
206640
204630
208640
200470
200670
208710
189860
067390
080580
208350
160550
124500
208890
028260
142280
187220
208370
208140
149980
084650
200710
200780
207760
196170
206400
140520
173940
205470
112610
200230
204840
204620
196490
018260
149010
205500
205100
191420
192440
143540
121060
203650
041920
204320
194480
203690
192410
198440
202960
200880
187270
192400
177830
090410
004650
192390
059120
200130
133820
105550
136660
199150
196450
071850
027410
187790
192250
192820
138080
053300
154040
090850
140660
189350
184230
178600
049080
150840
085810
185750
170030
067570
134580
006880
182360
171120
171010
138360
183190
076610
168330
064350
185190
131970
150900
170920
119850
180640
092040
181710
130500
170790
151860
175330
089600
114920
179720
086460
116100
950130
155660
141080
168490
170900
097800
104540
159580
114810
153490
099190
159910
950110
046970
113810
013870
155650
037560
149950
163560
161890
161390
121850
161000
151910
153460
106520
137400
014710
141000
072950
152550
079980
143240
147830
091590
145270
140410
104830
127120
007070
130580
131090
100660
129260
115480
145990
139670
121800
138070
123570
122870
089030
101240
007820
115530
039130
090360
131220
143160
078520
137950
040910
123330
139050
023000
089980
031430
140910
138610
109080
108380
047810
071840
019770
069640
138490
137940
131100
139480
139130
053210
019440
122450
121440
138040
136540
136480
023350
134060
104480
138930
020150
008470
011210
136490
134380
121600
093320
130740
061970
131180
126880
033560
048530
134790
131370
064290
131290
082740
131400
117580
126560
120240
058860
130660
128660
131030
096690
900140
033830
033170
041460
126600
105740
123420
111870
123860
058400
069140
119830
101930
068940
123840
081660
117670
119500
058850
068240
057050
096530
122990
126700
126640
123410
002150
123040
067920
128820
122900
128940
119610
106190
105840
033920
121890
123750
089850
046120
102460
070300
079970
123690
123700
071200
122690
100030
060980
032830
031440
900110
900100
115500
900120
115450
122350
088350
115610
120030
115310
106080
101330
120110
119650
071320
115570
115440
050860
012160
114630
080530
118000
900070
099520
114450
104460
112040
052690
108860
088290
114190
114090
115160
109960
034730
099410
101000
109820
032560
082920
000080
042520
082640
104200
052860
047400
105330
093240
109740
095700
108230
100130
103230
039490
111770
063080
109860
053690
028100
102120
101730
102710
099440
099220
101680
071970
010240
101170
081150
108670
098660
071670
101490
100120
102940
101400
105630
109070
106240
107590
086890
104040
078070
086900
058630
059100
035420
067630
092130
026940
105560
100700
104700
098120
083470
103590
103140
011070
101390
076080
101670
094840
017180
063170
047560
100220
096240
102260
101160
099320
102280
064480
098460
067000
018620
095610
053280
096870
032640
059210
097870
101140
020560
100840
100250
091440
096040
085310
097780
096630
068330
093920
067010
096350
051600
069920
096610
092070
094820
086670
093230
092440
095190
044450
094280
092300
033270
093640
092200
095910
081580
073110
094970
080520
095340
085910
095500
027580
097950
086040
028670
057540
094940
095270
097230
093190
096760
091340
096770
072770
094480
086520
065150
078340
095660
029780
092600
069410
001780
093380
095720
086450
064820
091580
092460
073540
091120
094850
094860
094800
078020
093520
091970
092730
039200
089010
090470
088130
090370
093370
084110
089150
091700
086390
090710
093050
060540
066310
067280
044380
044820
089890
034590
080470
089140
089790
090150
088390
009770
092220
092230
089230
043150
086960
089470
038060
091090
083660
063570
086980
068050
039290
090350
090430
078860
088910
032350
054950
090080
049800
084730
035510
086060
022220
088790
088800
088980
023530
068760
083450
019990
079370
085670
084370
083790
064550
084990
083640
085660
086280
078140
067900
083550
084870
084180
086790
001560
080420
083650
079190
079430
082800
043910
079000
084010
041020
078590
038070
075180
083420
079940
077360
083930
067310
083310
082660
080010
084690
071950
078160
082850
080160
084680
084670
042700
078890
050890
004890
082210
082270
075130
010960
073240
073490
079950
079960
080220
079170
079810
052220
079650
052900
066910
049950
052460
079160
081000
072870
073010
046440
078600
054450
078150
067990
014830
051360
072520
041650
078130
068790
023810
048870
065350
078930
077500
058730
039340
034220
064260
078000
011080
050090
029960
057030
065770
074430
066700
066900
078350
077970
075970
069540
073190
054090
041910
034310
019680
067770
070590
073570
073640
065680
057880
024110
074610
067160
060570
066410
074600
071280
069510
067170
054780
041440
025750
072020
065510
072470
068930
007660
035250
069330
064760
037270
052710
072710
065950
047310
071050
041520
072130
034120
064240
066790
069080
036570
071090
067080
066590
067290
066130
065450
065130
069730
065440
006890
049630
021650
051370
065570
065650
066980
016100
011500
042040
066670
066430
047820
064090
049960
053290
064520
069960
035600
065170
069460
069620
041590
027740
036530
069260
042600
033530
065500
060900
066620
052770
065420
064800
058430
039980
048410
068290
067830
058610
045340
030610
065710
065690
009240
043710
060560
036010
060280
060230
046940
057680
060150
065530
063440
017370
051160
065060
049180
060720
061040
050760
054210
050120
054410
060310
066570
061250
053980
024720
054050
039420
064960
039440
049550
054670
060590
049070
060370
051380
037710
053270
034950
060260
060380
046310
049720
052670
046890
013990
058450
059090
054930
035200
054040
048470
042500
040350
054300
047080
020760
060250
056730
053260
060240
033180
041930
054220
014940
043590
058470
045300
056190
056700
054940
043370
063160
054620
056360
043260
038340
051390
054540
053350
054630
056080
044490
053950
053700
054920
041960
053160
052400
054180
049470
043090
053050
054800
047770
053800
055550
040300
058820
035900
021320
053060
053610
052790
053450
053030
052420
021240
053620
052300
049520
048910
051980
058650
051500
049120
043360
052330
052600
052020
043220
051780
033790
051490
038870
045660
045390
050110
052260
036540
051900
051910
047040
047050
042670
042660
038500
051630
024850
048550
049830
044060
048770
049430
044480
046390
014620
048430
017480
049480
036670
042510
039830
036190
046070
041830
014570
045520
049770
044180
044960
032080
034020
010470
044340
042940
010040
048830
000250
044780
045510
045100
040160
043340
043650
037950
039030
038540
018680
046210
039860
045060
043100
042370
045970
040420
007370
043610
036890
039010
009300
043200
042110
039740
039840
042420
039560
038460
032820
001540
039310
041190
038530
036640
031330
038620
039020
038950
036800
040610
038880
038680
041510
010280
037760
036480
038110
032500
039610
039240
038290
037440
038390
036830
036810
036690
037370
036620
037350
038010
016450
001810
036630
036710
037070
016250
036560
035890
036930
036030
016710
032190
005290
003100
026040
036180
036170
037230
037460
037400
003220
036460
033640
037330
036090
036200
024800
027050
036120
035290
027040
027830
036000
007120
035760
035810
035460
000850
036580
033780
009540
024090
035620
035610
020710
012790
034940
006840
035000
006650
035150
033250
033230
035080
005160
005990
034810
033240
030200
019490
030000
025770
033540
033500
026890
029460
030350
033160
033310
033320
009520
013810
033340
024890
033200
033290
015710
017940
018670
023590
014440
033100
033050
033130
032980
019210
026150
031310
011790
032960
032680
032940
008290
010600
025890
032750
032860
032850
032790
032800
024900
023960
023800
032620
032580
032540
028080
032280
012320
012340
025530
031510
031820
031860
031980
000660
023150
023450
028050
029530
015360
005320
016800
011560
024740
024070
030720
025560
030210
030960
012630
017900
025540
030530
030520
021880
029480
021040
003160
011930
019180
018880
028300
027710
021820
006740
000910
020120
027970
020000
017800
016580
023600
018310
003800
014190
013580
021050
012750
015890
012700
018000
025980
026910
017250
016590
011690
025860
018500
011300
015750
020180
006730
011200
012610
017810
017390
025820
025950
025900
011090
007460
025620
017960
025870
025880
002680
025550
025440
025320
024940
024950
014100
024840
024910
004780
013120
024830
024810
024880
025000
007980
010580
024120
017000
024060
023910
001840
023900
017650
010170
023790
023770
023760
005860
009440
008420
016880
012860
023460
006050
023410
023440
006910
018290
023160
014790
007310
008500
007530
010120
001000
012620
011370
009190
000760
014820
018700
014470
010140
009680
010690
007720
013720
011320
018120
009620
005670
007330
006140
019010
009780
000390
009450
020400
014200
005710
016600
004590
016670
000440
012030
005090
014970
005750
011040
008370
007390
002290
019540
007770
017890
003310
019660
005880
017510
005870
017550
021080
011170
008830
001430
008770
014580
013520
004080
006060
014530
002140
002230
016090
001620
017040
011390
011810
010130
009730
012600
004720
009200
001500
008870
008110
005820
008490
014910
003580
015860
014160
012280
019170
002210
016920
012170
009420
013030
011330
012800
001140
013360
013700
002760
007610
004920
009290
011420
004270
001940
009410
007280
009180
002170
017670
010640
003650
004380
002840
007860
019550
013000
012330
001390
009320
001450
005440
015760
007690
006280
009160
008600
015230
007160
014130
008040
009140
009580
014990
010420
013570
003610
015590
014680
010820
019590
019570
006040
008060
003680
006920
015020
011280
002310
010660
011150
001770
018470
005850
009970
012510
003850
008250
012690
006370
006980
002920
002220
002450
002460
007340
000890
001290
003010
014280
009810
008730
009270
004140
002960
003000
005810
001270
012200
004710
016610
008930
005500
005490
002410
005690
001230
006340
005950
016360
002810
001750
011780
003470
002620
015260
009460
005720
006660
004490
011000
009310
010100
005070
004830
001720
001200
003460
011700
005420
000500
010950
012450
011230
004020
004770
004560
006090
003530
009470
001510
010770
007110
016380
010780
002360
003830
007810
004170
010060
000520
006490
003120
000720
002710
003060
007700
008700
010620
006360
006110
006200
006400
009150
005960
009070
003070
005180
005250
000480
004310
003920
008350
003350
011760
006260
001740
002100
004870
007590
004430
002780
004090
000650
000430
001080
004700
004360
008970
002880
001260
005680
005800
002630
001550
005430
004910
004690
003080
002600
001570
003960
002070
003570
004960
004370
003720
004980
004970
002870
001630
005740
002390
001380
006120
007540
003280
001250
002990
001470
001820
001020
001520
000880
001060
000670
001340
000180
005110
004450
000040
002240
004100
002820
004840
002350
004060
004000
000020
000210
001120
002720
003240
005030
006390
000590
005390
000990
006570
000220
000860
003540
005940
006800
002700
001360
000810
003230
000370
008260
000230
000490
001800
004540
001420
002020
005930
000300
001460
003620
005610
000540
007570
002320
002200
005380
005360
009830
002030
006380
004990
001070
004410
003560
000680
001210
000140
000320
000270
004800
001040
000150
005010
005830
002900
003090
003780
003520
002380
005300
003200
002790
006220
004150
007210
000400
001130
001680
003550
000640
003690
000970
003300
004250
003030
001440
001790
000070
002420
000240
000950
003490
001530
000100
000120
000050
000700
003480
